-0.967960,0.124742,-0.217928,-0.215963,0.029233,0.975964,0.128115,0.991758,-0.001357,0.011091,-2.030888,2.563190
-0.020785,-0.702305,0.711573,0.978313,0.132422,0.159274,-0.206086,0.699451,0.684322,-0.001573,-0.410935,1.732737
-0.020721,-0.702200,0.711678,0.993363,0.066093,0.094135,-0.113138,0.708905,0.696170,-0.002133,-0.145745,1.706868
0.645759,0.565269,-0.513290,-0.527086,0.816398,0.235956,0.552427,0.118177,0.825142,-0.006132,-2.201624,2.755233
-0.579112,-0.598654,0.553393,0.517944,0.254032,0.816824,-0.629574,0.759659,0.162957,0.005937,-2.039248,2.570923
0.827103,0.431443,-0.360219,-0.400441,0.902072,0.160976,0.394396,0.011102,0.918874,-0.008893,-2.203190,2.757385
-0.936248,-0.286747,0.203017,0.192686,0.064116,0.979164,-0.293789,0.955858,-0.004776,0.010292,-2.035574,2.567882
-0.613366,0.524447,-0.590540,-0.543572,0.262136,0.797380,0.572986,0.810086,0.124290,0.007578,-2.203115,2.757615
-0.996370,-0.084781,-0.007739,-0.009906,0.025175,0.999634,-0.084556,0.996081,-0.025923,0.010893,-2.033240,2.566047
-0.378417,0.631171,-0.677070,-0.628702,0.361594,0.688465,0.679364,0.686202,0.259985,0.006802,-2.202244,2.756124
-0.802980,0.378605,-0.460307,-0.421818,0.184617,0.887686,0.421062,0.906959,0.011459,0.009699,-2.204767,2.760102
-0.967977,0.124731,-0.217860,-0.250927,-0.506732,0.824778,-0.007521,0.853033,0.521803,0.011009,-0.659556,1.781766
0.156435,0.700274,-0.696523,-0.667626,0.594672,0.447929,0.727876,0.394945,0.560549,0.000066,-2.200729,2.753912
-0.115414,0.691229,-0.713360,-0.671076,0.475222,0.569052,0.732350,0.544396,0.409020,0.004471,-2.201297,2.755494
-0.792888,-0.463328,0.395796,0.374024,0.142741,0.916368,-0.481076,0.874615,0.060119,0.008412,-2.037780,2.569289
-0.980931,-0.174879,0.084802,0.062529,0.129159,0.989650,-0.184022,0.976082,-0.115761,0.011772,-2.210438,2.765824
0.416488,0.657211,-0.628181,-0.618513,0.711241,0.334031,0.666317,0.249418,0.702718,-0.003092,-2.200580,2.753747
0.500530,-0.583218,0.639786,0.488101,0.800477,0.347840,-0.715001,0.138176,0.685333,-0.007337,-2.213512,2.771318
-0.895307,-0.351981,0.273010,0.223746,0.174616,0.958878,-0.385179,0.919575,-0.077581,0.009996,-2.212468,2.768666
-0.020890,-0.702231,0.711643,0.572049,0.575373,0.584556,-0.819953,0.419306,0.389691,-0.002023,-2.215371,2.772968
0.946982,0.265742,-0.180573,-0.248123,0.961947,0.114426,0.204110,-0.063555,0.976883,-0.010785,-2.204420,2.759306
-0.993867,0.015724,-0.109457,-0.106926,0.115724,0.987509,0.028194,0.993157,-0.113333,0.010609,-2.208264,2.764931
-0.933060,0.204664,-0.295823,-0.272534,0.134552,0.952692,0.234786,0.969540,-0.069767,0.010577,-2.206760,2.762576
-0.743278,-0.503165,0.440866,0.364518,0.247972,0.897573,-0.560949,0.827850,-0.000899,0.007960,-2.213820,2.770268
-0.020778,-0.702341,0.711538,0.922375,0.261118,0.284677,-0.385735,0.662220,0.642396,-0.001280,-0.928169,1.858967
-0.792924,-0.463203,0.395871,0.573570,-0.348143,0.741495,-0.205643,0.815008,0.541731,0.007782,-0.669160,1.783457
-0.313944,-0.680659,0.661924,0.611585,0.388287,0.689345,-0.726225,0.621238,0.294381,0.001896,-2.040385,2.571666
0.876183,-0.294323,0.381677,0.246937,0.954192,0.168937,-0.413915,-0.053770,0.908726,-0.011227,-2.210242,2.766893
0.996694,0.080282,0.012460,-0.081127,0.991681,0.099933,-0.004333,-0.100613,0.994916,-0.011558,-2.206257,2.762020
0.972488,-0.111130,0.204738,0.088056,0.989033,0.118578,-0.215670,-0.097288,0.971608,-0.012016,-2.208292,2.764421
0.249085,-0.667453,0.701758,0.552430,0.693073,0.463110,-0.795473,0.272318,0.541355,-0.004958,-2.214852,2.772565
0.714875,-0.455625,0.530434,0.383642,0.889770,0.247242,-0.584614,0.026750,0.810871,-0.009663,-2.212175,2.769165
-0.536093,-0.617009,0.576111,0.474473,0.344224,0.810176,-0.698197,0.707679,0.108218,0.005198,-2.214953,2.772069
-0.289208,-0.684947,0.668735,0.545394,0.456217,0.703144,-0.786705,0.568079,0.241624,0.001349,-2.215402,2.773049
-0.020901,-0.702300,0.711575,0.492362,0.612210,0.618692,-0.870140,0.363283,0.332990,-0.001686,-2.371241,2.989351
0.569546,-0.549004,0.611729,0.753648,0.645846,-0.122056,-0.328074,0.530544,0.781595,-0.008770,-0.925253,1.858132
0.603364,0.587270,-0.539506,-0.491362,0.806624,0.328515,0.628105,0.066878,0.775249,-0.005897,-2.358985,2.970086
0.782031,0.472634,-0.406257,-0.395334,0.880110,0.262904,0.481808,-0.044992,0.875121,-0.008300,-2.359805,2.972262
-0.755377,0.422773,-0.500667,-0.412992,0.286051,0.864646,0.508766,0.859905,-0.041475,0.009292,-2.361705,2.975058
-0.569523,0.549256,-0.611524,-0.504987,0.353208,0.787548,0.648561,0.757339,0.076207,0.007184,-2.360184,2.972637
-0.104403,0.692714,-0.713615,-0.599873,0.528455,0.600739,0.793255,0.490797,0.360368,0.003477,-2.358646,2.970159
0.911530,0.328377,-0.247553,-0.277974,0.935627,0.217558,0.303058,-0.129498,0.944132,-0.010176,-2.360939,2.974113
-0.347934,0.640978,-0.684170,-0.568475,0.436061,0.697630,0.745505,0.631663,0.212660,0.006420,-2.359328,2.971589
0.145674,0.700953,-0.698172,-0.597021,0.625005,0.502926,0.788889,0.343560,0.509530,0.000206,-2.358318,2.969257
0.386651,0.665028,-0.638935,-0.560103,0.719742,0.410190,0.732657,0.199269,0.650773,-0.002801,-2.358168,2.969245
-0.893829,0.269604,-0.358306,-0.298719,0.237926,0.924207,0.334420,0.933116,-0.132129,0.010554,-2.362942,2.977165
0.983814,0.163469,-0.073396,-0.146562,0.969736,0.195275,0.103097,-0.181357,0.977998,-0.010623,-2.362424,2.976881
0.462329,-0.599786,0.653076,0.430164,0.795756,0.426299,-0.775378,0.083839,0.625907,-0.007013,-2.369763,2.987944
-0.976031,0.099816,-0.193390,-0.168977,0.212420,0.962458,0.137149,0.972067,-0.190462,0.011067,-2.364106,2.979956
0.994331,-0.011767,0.105680,-0.009389,0.980261,0.197484,-0.105918,-0.197356,0.974593,-0.011429,-2.364056,2.979235
0.227906,-0.672147,0.704470,0.477999,0.707560,0.520457,-0.848278,0.218121,0.482543,-0.004532,-2.370423,2.989080
-0.955180,-0.247920,0.161759,0.103138,0.233483,0.966875,-0.277476,0.940224,-0.197448,0.010926,-2.367267,2.983724
0.942337,-0.186267,0.278038,0.124918,0.966521,0.224127,-0.310477,-0.176472,0.934057,-0.011396,-2.365504,2.981579
-0.853425,-0.403826,0.329532,0.228432,0.278495,0.932877,-0.468493,0.871416,-0.145427,0.009591,-2.369008,2.985333
-0.996935,-0.076504,-0.016356,-0.032206,0.210801,0.976998,-0.071297,0.974531,-0.212619,0.011621,-2.365532,2.981751
0.942324,-0.186080,0.278208,0.288953,0.871768,-0.395635,-0.168913,0.453206,0.875256,-0.012372,-0.918633,1.856254
0.831173,-0.349030,0.432816,0.247928,0.929408,0.273372,-0.497678,-0.119912,0.859033,-0.010371,-2.367172,2.984001
0.955196,0.247910,-0.161682,-0.294357,0.852729,-0.431517,0.030893,0.459776,0.887498,-0.010742,-0.911154,1.853861
-0.698070,-0.534268,0.476714,0.336066,0.343421,0.876996,-0.632264,0.772412,-0.060183,0.007299,-2.370215,2.986780
0.667734,-0.489807,0.560554,0.351848,0.871270,0.342185,-0.655999,-0.031259,0.754114,-0.009089,-2.368501,2.985722
-0.498819,-0.631152,0.593992,0.419050,0.424283,0.802733,-0.758668,0.649331,0.052844,0.004757,-2.370933,2.988218
-0.268249,-0.688284,0.674024,0.472287,0.515855,0.714730,-0.839635,0.510058,0.186690,0.001190,-2.371105,2.989266
-0.020884,-0.702314,0.711561,0.408245,0.643687,0.647304,-0.912633,0.304009,0.273274,-0.001615,-2.505681,3.219820
0.218518,-0.674216,0.705466,0.397070,0.721816,0.566849,-0.891395,0.156253,0.425441,-0.004210,-2.505264,3.219086
0.445129,-0.606769,0.658552,0.359296,0.794656,0.489315,-0.820223,0.018807,0.571734,-0.006792,-2.504567,3.218251
0.603132,0.587146,-0.539900,-0.773446,0.595949,-0.215931,0.194970,0.547818,0.813562,-0.004741,-0.906028,1.852436
0.832917,0.425534,-0.353793,-0.315249,0.890287,0.328643,0.454826,-0.162199,0.875685,-0.008863,-2.496626,3.202059
0.925433,-0.218811,0.309346,0.116268,0.941008,0.317781,-0.360631,-0.258118,0.896281,-0.011003,-2.501365,3.211986
0.677300,0.547171,-0.491802,-0.400991,0.835010,0.376782,0.616824,-0.057986,0.784962,-0.007127,-2.495869,3.199634
0.645965,-0.504212,0.573149,0.297419,0.857721,0.419353,-0.703045,-0.100422,0.704020,-0.008829,-2.503687,3.215970
-0.218609,0.674068,-0.705580,-0.513763,0.535230,0.670504,0.829613,0.509079,0.229305,0.005274,-2.495173,3.199717
0.020886,0.702431,-0.711445,-0.525044,0.613281,0.590097,0.850819,0.361216,0.381616,0.001328,-2.494700,3.198524
0.482223,0.637007,-0.601401,-0.466962,0.767742,0.438770,0.741220,0.069247,0.667681,-0.004290,-2.494834,3.198554
0.940136,0.279345,-0.195219,-0.214626,0.930268,0.297552,0.264725,-0.237840,0.934533,-0.010183,-2.497691,3.204208
0.258991,0.689742,-0.676151,-0.509020,0.692403,0.511347,0.820867,0.211740,0.530419,-0.000800,-2.494746,3.198599
-0.645930,0.504213,-0.573188,-0.414348,0.399056,0.817967,0.641164,0.765848,-0.048843,0.008603,-2.496889,3.202227
-0.445192,0.606795,-0.658486,-0.476130,0.462389,0.747995,0.758356,0.646526,0.083061,0.007202,-2.496400,3.200760
0.992831,0.116846,-0.025159,-0.104912,0.952785,0.284946,0.057266,-0.280264,0.958213,-0.010770,-2.498951,3.206921
-0.809175,0.372256,-0.454599,-0.331619,0.349351,0.876346,0.485040,0.859872,-0.159239,0.010005,-2.497942,3.205010
0.809219,-0.372381,0.454419,0.214784,0.907441,0.361135,-0.546838,-0.194635,0.814300,-0.010252,-2.502488,3.214172
0.987828,-0.052505,0.146419,0.007587,0.956451,0.291795,-0.155363,-0.287132,0.945208,-0.011315,-2.500138,3.209426
0.020722,0.702113,-0.711764,-0.965166,0.199768,0.168961,0.260818,0.683469,0.681795,0.002569,-0.906113,1.851942
-0.925400,0.218720,-0.309510,-0.232971,0.315855,0.919761,0.298931,0.923253,-0.241337,0.010602,-2.499422,3.207361
-0.940064,-0.279745,0.194995,0.097831,0.326541,0.940106,-0.326664,0.902836,-0.279601,0.011707,-2.503090,3.212330
-0.987811,0.052445,-0.146555,-0.124359,0.300360,0.945684,0.093616,0.952383,-0.290177,0.011376,-2.500342,3.209358
-0.832821,-0.425773,0.353733,0.198579,0.366693,0.908902,-0.516697,0.827196,-0.220840,0.009463,-2.504244,3.215123
-0.992815,-0.117049,0.024876,-0.011968,0.303971,0.952606,-0.119064,0.945463,-0.303188,0.012354,-2.501627,3.211230
-0.481993,-0.637009,0.601583,0.350220,0.489296,0.798709,-0.803137,0.595658,-0.012744,0.004244,-2.505603,3.218553
-0.569656,0.549138,-0.611506,-0.796406,-0.184997,0.575772,0.203051,0.814999,0.542722,0.007209,-0.909167,1.852838
-0.677093,-0.547284,0.491960,0.284439,0.421928,0.860855,-0.678704,0.722812,-0.130016,0.007031,-2.504984,3.217065
-0.258965,-0.689691,0.676213,0.392345,0.564624,0.726131,-0.882611,0.453351,0.124379,0.001442,-2.505855,3.219416
-0.020820,-0.702396,0.711482,0.320539,0.669381,0.670212,-0.947007,0.242012,0.211208,-0.001510,-2.618065,3.461244
0.201691,-0.677603,0.707230,0.312790,0.728819,0.609085,-0.928161,0.098368,0.358943,-0.003959,-2.617744,3.460781
0.414005,-0.618749,0.667645,0.286062,0.784733,0.549875,-0.864158,-0.036663,0.501884,-0.006214,-2.616895,3.460344
0.605680,-0.528943,0.594450,0.242301,0.834194,0.495389,-0.757919,-0.156011,0.633419,-0.008154,-2.616559,3.458164
0.907849,0.333905,-0.253610,-0.219197,0.893557,0.391802,0.357439,-0.300107,0.884406,-0.010044,-2.611428,3.444298
0.793046,0.463208,-0.395621,-0.292476,0.859232,0.419736,0.534356,-0.217160,0.816888,-0.008838,-2.610708,3.442063
0.977213,0.187865,-0.098803,-0.138032,0.916045,0.376574,0.161253,-0.354355,0.921102,-0.010744,-2.612200,3.446850
0.638435,0.569272,-0.518005,-0.354210,0.814824,0.458908,0.683327,-0.109500,0.721855,-0.006094,-2.609557,3.440458
0.020938,0.702460,-0.711415,-0.442617,0.644552,0.623412,0.896466,0.301832,0.324417,0.001553,-2.609188,3.439273
-0.201665,0.677529,-0.707308,-0.434833,0.585146,0.684488,0.877640,0.445598,0.176608,0.004766,-2.609461,3.440433
0.889843,-0.275623,0.363609,0.111792,0.904336,0.411920,-0.442359,-0.325896,0.835530,-0.010516,-2.614999,3.454553
0.242394,0.692031,-0.679954,-0.431155,0.704682,0.563497,0.869109,0.156578,0.469183,-0.000992,-2.609292,3.439258
-0.766965,0.412536,-0.491507,-0.305337,0.439066,0.844979,0.564389,0.798145,-0.210786,0.009480,-2.611664,3.445474
0.451876,0.646923,-0.614246,-0.401285,0.762364,0.507712,0.796730,0.017065,0.604094,-0.004028,-2.609282,3.438799
-0.942351,0.186256,-0.277999,-0.331746,-0.411236,0.849017,0.043811,0.892297,0.449319,0.010996,-0.913703,1.855174
0.767038,-0.412585,0.491352,0.183116,0.874743,0.448657,-0.614916,-0.254162,0.746512,-0.009890,-2.615764,3.456444
-0.414095,0.618725,-0.667611,-0.408369,0.529210,0.743755,0.813487,0.580617,0.033525,0.006766,-2.610327,3.441401
0.997608,0.032401,0.061066,-0.053001,0.925614,0.374741,-0.044381,-0.377081,0.925116,-0.011203,-2.613063,3.449337
-0.605691,0.528994,-0.594394,-0.364407,0.479652,0.798211,0.707351,0.700070,-0.097752,0.007744,-2.611317,3.443636
-0.889772,0.275461,-0.363906,-0.233854,0.409556,0.881803,0.391942,0.869704,-0.299993,0.010551,-2.612496,3.447836
0.967987,-0.124610,0.217885,0.031615,0.921680,0.386660,-0.249002,-0.367393,0.896114,-0.011383,-2.613971,3.451602
-0.792930,-0.463287,0.395762,0.170656,0.454667,0.874160,-0.584926,0.760686,-0.281456,0.008601,-2.616877,3.457384
-0.907819,-0.334040,0.253539,0.097299,0.420309,0.902149,-0.407919,0.843657,-0.349062,0.010598,-2.616232,3.455489
-0.967938,0.124721,-0.218038,-0.153760,0.392209,0.906935,0.198630,0.911382,-0.360457,0.010594,-2.613390,3.450314
-0.451543,-0.646868,0.614549,0.279238,0.551714,0.785899,-0.847428,0.526473,-0.068492,0.003690,-2.617823,3.460682
-0.638221,-0.569407,0.518121,0.232359,0.499151,0.834780,-0.733950,0.653164,-0.186262,0.006455,-2.617687,3.458836
-0.242291,-0.691930,0.680095,0.309139,0.609386,0.730124,-0.919635,0.387146,0.066254,0.001008,-2.618079,3.461307
-0.955219,-0.247710,0.161854,0.251607,-0.392084,0.884852,-0.155726,0.885951,0.436852,0.009521,-0.920889,1.858134
-0.977197,-0.188022,0.098658,0.016101,0.397683,0.917381,-0.211722,0.898051,-0.385588,0.011457,-2.614917,3.453529
0.997591,0.032514,0.061278,0.011294,0.795446,-0.605919,-0.068444,0.605152,0.793162,-0.012251,-0.396982,1.730964
-0.020832,-0.702412,0.711466,0.229992,0.689168,0.687132,-0.972970,0.177946,0.147192,-0.001394,-2.707264,3.712497
-0.997595,-0.032424,-0.061258,-0.069048,0.388315,0.918936,-0.006008,0.920956,-0.389620,0.011931,-2.613981,3.452851
0.201719,-0.677620,0.707206,0.223965,0.734831,0.640206,-0.953493,0.029248,0.299992,-0.003971,-2.706741,3.712130
0.414063,-0.618835,0.667529,0.203617,0.777735,0.594700,-0.887182,-0.110323,0.448037,-0.006073,-2.706514,3.711013
-0.603199,-0.587235,0.539727,0.730558,-0.135245,0.669323,-0.320055,0.798037,0.510589,0.005574,-0.926765,1.859193
0.605784,-0.528979,0.594312,0.169940,0.815759,0.552863,-0.777268,-0.233918,0.584069,-0.008328,-2.706211,3.709183
0.907825,0.333925,-0.253671,-0.184589,0.861360,0.473272,0.376539,-0.382823,0.843602,-0.009461,-2.702075,3.695268
0.242476,0.692223,-0.679730,-0.347595,0.716112,0.605278,0.905750,0.089505,0.414253,-0.002014,-2.700762,3.689384
0.021100,0.702460,-0.711410,-0.356308,0.670129,0.651131,0.934130,0.239743,0.264432,0.001275,-2.700282,3.689643
0.793022,0.463218,-0.395659,-0.240909,0.834996,0.494716,0.559535,-0.297003,0.773763,-0.008703,-2.701302,3.692517
-0.128181,0.689522,-0.712831,-0.736047,0.415581,0.534348,0.664684,0.593170,0.454251,0.004383,-2.024005,2.555631
-0.414027,0.618790,-0.667593,-0.330088,0.581422,0.743633,0.848306,0.528249,-0.036469,0.006751,-2.701636,3.691723
-0.889719,0.275654,-0.363889,-0.195819,0.489606,0.849671,0.412377,0.827225,-0.381634,0.010237,-2.703231,3.698959
-0.201681,0.677622,-0.707215,-0.350213,0.624426,0.698171,0.914700,0.388484,0.111378,0.004054,-2.700602,3.691455
0.638475,0.569308,-0.517916,-0.288347,0.800860,0.524861,0.713586,-0.185771,0.675488,-0.006696,-2.700726,3.690944
0.767055,-0.412596,0.491316,0.124439,0.846923,0.516949,-0.629398,-0.335390,0.700980,-0.009695,-2.705591,3.707568
0.977216,0.187860,-0.098776,-0.122258,0.878648,0.461552,0.173497,-0.438960,0.881597,-0.010700,-2.702619,3.697647
-0.663265,0.492833,-0.563201,-0.566196,0.161668,0.808261,0.489389,0.854973,0.171812,0.008407,-2.026489,2.558515
0.451983,0.646953,-0.614136,-0.324442,0.760547,0.562410,0.830933,-0.054949,0.553653,-0.004741,-2.700825,3.689100
-0.605579,0.529059,-0.594450,-0.296192,0.543478,0.785431,0.738610,0.651711,-0.172416,0.007982,-2.702127,3.694440
-0.766951,0.412563,-0.491506,-0.250888,0.512189,0.821412,0.590628,0.753295,-0.289316,0.009446,-2.702642,3.696784
0.997609,0.032397,0.061040,-0.056933,0.885955,0.460264,-0.039167,-0.462639,0.885681,-0.011162,-2.703441,3.700228
0.921015,-0.226400,0.316978,0.219669,0.973889,0.057323,-0.321679,0.016835,0.946699,-0.011986,-2.033593,2.565506
0.967984,-0.124685,0.217856,0.008104,0.882979,0.469343,-0.250882,-0.452551,0.855719,-0.011264,-2.704148,3.702521
0.889836,-0.275547,0.363683,0.069577,0.869682,0.488685,-0.450944,-0.409545,0.793046,-0.010679,-2.704844,3.705323
0.274101,-0.661465,0.698093,0.620201,0.676359,0.397354,-0.734996,0.324043,0.595631,-0.005391,-2.039163,2.571775
-0.020791,-0.702302,0.711576,0.881952,0.322329,0.343897,-0.470881,0.634725,0.612694,-0.001365,-1.175574,1.958515
-0.967943,0.124648,-0.218059,-0.134422,0.476296,0.868949,0.212174,0.870405,-0.444272,0.010470,-2.703808,3.701421
0.399904,-0.624060,0.671287,0.120641,0.761868,0.636399,-0.908583,-0.173513,0.379961,-0.005405,-2.772182,3.969287
-0.451580,-0.646878,0.614512,0.198217,0.598790,0.775990,-0.869934,0.472229,-0.142179,0.003668,-2.706918,3.712039
-0.242179,-0.692021,0.680042,0.221318,0.643025,0.733169,-0.944652,0.328063,-0.002571,0.001298,-2.707279,3.712165
0.194071,-0.679270,0.707764,0.133808,0.733067,0.666864,-0.971819,-0.034715,0.233159,-0.003176,-2.772553,3.970107
-0.020798,-0.702499,0.711381,0.137357,0.702780,0.698021,-0.990303,0.112231,0.081877,-0.001151,-2.772208,3.971016
0.480759,-0.591883,0.646951,0.769624,0.638382,0.012123,-0.420177,0.492081,0.762435,-0.007811,-1.173394,1.957380
0.169156,0.699295,-0.694530,-0.731754,0.561176,0.386804,0.660244,0.442795,0.606639,0.000631,-2.023374,2.554664
-0.792946,-0.463328,0.395681,0.114853,0.524105,0.843874,-0.598369,0.714592,-0.362372,0.008760,-2.707048,3.708002
-0.638224,-0.569402,0.518123,0.162196,0.558458,0.813521,-0.752571,0.603246,-0.264066,0.006387,-2.706951,3.710094
-0.907811,-0.334134,0.253445,0.058408,0.497708,0.865376,-0.415293,0.800400,-0.432309,0.011125,-2.706450,3.706365
0.587186,-0.539669,0.603299,0.098821,0.787537,0.608292,-0.803397,-0.297562,0.515762,-0.007856,-2.771652,3.967948
-0.997587,-0.032524,-0.061335,-0.069423,0.473131,0.878252,0.000455,0.880391,-0.474248,0.011914,-2.704497,3.703394
-0.977195,-0.188115,0.098503,-0.004049,0.480308,0.877090,-0.212306,0.856689,-0.470116,0.011622,-2.705894,3.703966
0.746907,-0.429978,0.507196,0.069406,0.809032,0.583653,-0.661296,-0.400732,0.634115,-0.009752,-2.771518,3.965783
0.128744,0.701859,-0.700585,-0.265016,0.705121,0.657701,0.955611,0.100991,0.276784,0.000502,-2.767527,3.947729
0.837438,0.420976,-0.348535,-0.174506,0.810302,0.559426,0.517924,-0.407664,0.752041,-0.009349,-2.768170,3.951276
0.853534,-0.322983,0.408854,0.443797,0.861788,-0.245694,-0.272991,0.391157,0.878904,-0.011406,-1.168610,1.955757
-0.087008,0.694973,-0.713752,-0.266027,0.674242,0.688932,0.960031,0.249820,0.126217,0.001977,-2.767848,3.947940
-0.496582,0.585048,-0.641190,-0.239984,0.617370,0.749174,0.834155,0.525901,-0.166173,0.008444,-2.768979,3.951471
0.338712,0.676204,-0.654235,-0.254752,0.735273,0.628072,0.905746,-0.046068,0.421310,-0.003508,-2.768452,3.947747
-0.298811,0.655345,-0.693711,-0.257403,0.644633,0.719856,0.918943,0.393664,-0.023935,0.005370,-2.768128,3.950153
0.955707,-0.156764,0.249096,-0.006406,0.835066,0.550113,-0.294249,-0.527342,0.797074,-0.010843,-2.770569,3.961586
0.532449,0.618517,-0.577870,-0.235574,0.763997,0.600678,0.813021,-0.183699,0.552496,-0.005688,-2.767965,3.948121
0.987829,0.145566,-0.054821,-0.093067,0.835510,0.541536,0.124633,-0.529843,0.838888,-0.010815,-2.769438,3.956542
0.934456,0.290044,-0.206561,-0.135376,0.825919,0.547294,0.329342,-0.483459,0.811050,-0.010163,-2.768885,3.954184
0.701428,0.532043,-0.474266,-0.208314,0.789391,0.577467,0.681619,-0.306255,0.664533,-0.007983,-2.767970,3.949574
-0.670649,0.488023,-0.558626,-0.214294,0.593515,0.775769,0.710147,0.639979,-0.293460,0.007844,-2.769261,3.952807
0.871728,-0.300427,0.387083,0.033831,0.825001,0.564118,-0.488820,-0.478662,0.729340,-0.010664,-2.770927,3.963670
-0.813979,0.367322,-0.450013,-0.181640,0.574898,0.797809,0.551765,0.731140,-0.401235,0.009867,-2.769774,3.957092
-0.919029,0.229757,-0.320309,-0.143700,0.561385,0.814983,0.367065,0.795021,-0.482912,0.009815,-2.770605,3.957079
0.995023,-0.005613,0.099489,-0.049502,0.838658,0.542404,-0.086482,-0.544630,0.834206,-0.011441,-2.769865,3.958819
-0.981091,0.081686,-0.175465,-0.101500,0.554767,0.825791,0.164798,0.827986,-0.535986,0.010145,-2.770989,3.960211
-0.437722,-0.651059,0.620098,0.116974,0.642581,0.757236,-0.891469,0.403994,-0.205115,0.003370,-2.772135,3.970066
0.997594,0.032470,0.061260,-0.008218,0.932706,-0.360544,-0.068844,0.359173,0.930728,-0.012081,-1.162689,1.953046
-0.234723,-0.692989,0.681668,0.131808,0.672093,0.728641,-0.963084,0.260878,-0.066415,0.001422,-2.772310,3.970703
0.874319,0.379238,-0.302893,-0.465411,0.832141,-0.301551,0.137690,0.404622,0.904059,-0.009015,-1.157255,1.950816
-0.860878,-0.371915,0.347228,0.087118,0.564613,0.820745,-0.501297,0.736812,-0.453663,0.313403,-2.281102,3.620542
0.516748,0.624353,-0.585794,-0.805152,0.587003,-0.084609,0.291037,0.515375,0.806031,-0.003822,-1.153671,1.949373
-0.480874,0.592002,-0.646756,-0.823967,-0.052960,0.564157,0.299729,0.804195,0.513257,0.006698,-1.156466,1.949929
-0.997237,-0.070646,-0.022960,-0.058376,0.554172,0.830353,-0.045938,0.829399,-0.556765,0.013347,-2.771593,3.961759
-0.620178,-0.579008,0.529272,0.093639,0.615231,0.782766,-0.778853,0.535015,-0.327335,0.006751,-2.772455,3.968027
0.020672,0.702013,-0.711864,-0.936357,0.263167,0.232334,0.350441,0.661756,0.662774,0.003144,-1.154015,1.949371
0.020680,0.702171,-0.711708,-0.996940,0.068161,0.038279,0.075389,0.708738,0.701432,0.001856,-0.388309,1.729735
-0.853558,0.323151,-0.408672,-0.498172,-0.276590,0.821780,0.152525,0.905026,0.397070,0.009962,-1.159809,1.951797
-0.997608,-0.032313,-0.061104,-0.046120,-0.347277,0.936628,-0.051486,0.937206,0.344956,0.011058,-1.166022,1.955208
-0.966852,-0.219327,0.130737,-0.015188,0.560514,0.828006,-0.254884,0.798573,-0.545266,0.012005,-2.775128,3.967069
-0.774145,-0.478590,0.414308,0.063175,0.592826,0.802849,-0.629848,0.647695,-0.428699,0.007282,-2.772304,3.967763
0.603155,0.587225,-0.539787,-0.723173,0.688100,-0.059497,0.336489,0.426245,0.839697,-0.005215,-1.392488,2.069764
-0.874329,-0.379278,0.302815,0.411043,-0.246934,0.877535,-0.258054,0.891724,0.371801,0.009408,-1.170623,1.956739
0.874349,0.379250,-0.302793,-0.450370,0.866529,-0.215161,0.180779,0.324495,0.928451,-0.009526,-1.394966,2.071060
-0.569619,0.549005,-0.611660,-0.744241,-0.028737,0.667293,0.348770,0.835325,0.424961,0.008265,-1.395472,2.071200
0.386723,-0.628300,0.675044,0.766231,0.626242,0.143914,-0.513162,0.461585,0.723605,-0.006705,-1.410741,2.079839
-0.187258,0.679984,-0.708912,-0.883953,0.198118,0.423529,0.428441,0.705954,0.563975,0.005667,-1.393267,2.069211
0.227637,0.693629,-0.683418,-0.876595,0.451569,0.166334,0.423985,0.561217,0.710825,-0.000062,-1.391798,2.068809
-0.989967,0.041303,-0.135131,-0.141223,-0.257157,0.955995,0.004735,0.965487,0.260410,0.010851,-1.402205,2.075844
-0.853548,0.323173,-0.408674,-0.481619,-0.190198,0.855493,0.198744,0.927030,0.317989,0.009973,-1.397323,2.072795
-0.955192,-0.247859,0.161785,0.217918,-0.219014,0.951076,-0.200300,0.943716,0.263213,0.010326,-1.406328,2.077785
-0.516802,-0.624469,0.585623,0.750685,-0.001696,0.660658,-0.411567,0.781048,0.469656,0.004575,-1.174584,1.958294
0.994306,0.105705,-0.013485,-0.105351,0.956084,-0.273503,-0.016017,0.273366,0.961777,-0.011775,-1.399260,2.073475
0.727456,-0.445801,0.521602,0.560465,0.824601,-0.076890,-0.395836,0.348274,0.849717,-0.009635,-1.408073,2.078257
-0.020794,-0.702241,0.711636,0.833764,0.380619,0.399957,-0.551729,0.601654,0.577588,-0.001634,-1.412228,2.080521
-0.997608,-0.032416,-0.061061,-0.029821,-0.595068,0.803122,-0.062370,0.803021,0.592678,0.011018,-0.400246,1.731872
-0.755252,-0.494072,0.430681,0.533683,-0.082104,0.841690,-0.380495,0.865535,0.325687,0.007900,-1.409540,2.079440
0.942336,-0.186122,0.278138,0.252212,0.941233,-0.224653,-0.219980,0.281849,0.933901,-0.012075,-1.403525,2.075896
-0.020776,-0.702246,0.711631,0.954573,0.197691,0.222953,-0.297251,0.683936,0.666238,-0.001631,-0.672509,1.783841
-0.424740,-0.654757,0.625211,0.751517,0.130070,0.646764,-0.504794,0.744563,0.436816,0.002989,-1.411884,2.080533
0.808686,0.449106,-0.379908,-0.516218,0.851472,-0.092278,0.282038,0.270739,0.920410,-0.008891,-1.619727,2.212259
0.542809,0.614180,-0.572836,-0.723007,0.688776,0.053380,0.427340,0.385189,0.817930,-0.004364,-1.617399,2.211118
-0.020773,-0.702207,0.711669,0.778142,0.435585,0.452506,-0.627745,0.563179,0.537368,-0.001911,-1.636538,2.224360
0.965196,0.223449,-0.135897,-0.245030,0.954273,-0.171242,0.091419,0.198581,0.975812,-0.010902,-1.622513,2.214825
0.340975,-0.643086,0.685695,0.729146,0.641313,0.238881,-0.593366,0.418519,0.687575,-0.006086,-1.635758,2.223691
0.656655,-0.497127,0.567159,0.576603,0.815652,0.047347,-0.486142,0.295935,0.822246,-0.009435,-1.633370,2.222137
0.203632,0.696255,-0.688304,-0.837157,0.488355,0.246327,0.507643,0.526058,0.682320,0.000253,-1.617120,2.210526
0.883718,-0.284002,0.372003,0.341071,0.935087,-0.096353,-0.320490,0.212028,0.923217,-0.011274,-1.629918,2.220121
0.991415,-0.032509,0.126648,0.054295,0.983500,-0.172571,-0.118948,0.177966,0.976821,-0.012318,-1.626460,2.217387
-0.507545,0.579946,-0.637228,-0.740786,0.083991,0.666469,0.440038,0.810313,0.386987,0.007648,-1.620012,2.212683
-0.162958,0.684251,-0.710806,-0.843312,0.277352,0.460326,0.512122,0.674445,0.531841,0.004730,-1.618393,2.211327
-0.783567,0.397360,-0.477627,-0.543344,-0.065415,0.836957,0.301329,0.915328,0.267160,0.009896,-1.622491,2.215301
-0.995269,-0.097039,0.004790,0.020424,-0.160771,0.986780,-0.094987,0.982210,0.161993,0.011061,-1.628568,2.219791
-0.953816,0.161123,-0.253524,-0.277674,-0.150949,0.948742,0.114594,0.975322,0.188718,0.010847,-1.625081,2.217308
-0.902261,-0.342154,0.262405,0.310618,-0.093662,0.945909,-0.299069,0.934964,0.190787,0.010071,-1.631978,2.221465
0.766991,-0.412420,0.491563,0.605127,0.719709,-0.340353,-0.213415,0.558506,0.801577,-0.010646,-0.666967,1.782325
-0.687413,-0.540956,0.484592,0.553719,0.041388,0.831674,-0.469956,0.840032,0.271087,0.007359,-1.634530,2.223112
0.921943,0.311831,-0.229746,-0.333126,0.940997,-0.059593,0.197607,0.131476,0.971425,-0.010321,-1.832575,2.377225
0.748090,0.499527,-0.436846,-0.545028,0.838046,0.024943,0.378557,0.219434,0.899191,-0.007815,-1.829735,2.374755
0.493056,0.633169,-0.596651,-0.702529,0.694293,0.156236,0.513175,0.342131,0.787145,-0.004257,-1.829140,2.373609
-0.456553,0.602173,-0.654940,-0.717522,0.186041,0.671231,0.526043,0.776386,0.347135,0.007219,-1.830683,2.374874
-0.143803,0.687291,-0.712005,-0.793668,0.349663,0.497822,0.591111,0.636684,0.495199,0.004577,-1.829378,2.373746
0.184537,0.698031,-0.691881,-0.788552,0.525341,0.319690,0.586627,0.486589,0.647379,0.000508,-1.828625,2.373097
-0.379749,-0.666652,0.641378,0.716889,0.226128,0.659497,-0.584689,0.710240,0.392044,0.003098,-1.636470,2.223934
-0.719864,0.451785,-0.526959,-0.568248,0.052394,0.821188,0.398610,0.890587,0.219009,0.009638,-1.832513,2.377196
0.995909,0.090335,0.002201,-0.089787,0.992026,-0.088450,-0.010174,0.087891,0.996078,-0.011525,-1.835341,2.379533
0.977209,0.187975,-0.098632,-0.211579,0.824751,-0.524423,-0.017232,0.533339,0.845726,-0.011546,-0.656333,1.780025
-0.020814,-0.702224,0.711652,0.715629,0.486605,0.501089,-0.698170,0.519709,0.492404,-0.001905,-1.846580,2.388570
-0.905236,0.252371,-0.341844,-0.362046,-0.036989,0.931426,0.222421,0.966923,0.124853,0.011051,-1.835136,2.379585
0.596287,-0.534291,0.599145,0.565452,0.809318,0.158959,-0.569829,0.244002,0.784702,-0.008620,-1.843709,2.386252
0.304196,-0.653619,0.692999,0.679712,0.658616,0.322826,-0.667425,0.372837,0.644621,-0.005811,-1.845532,2.388215
-0.972179,-0.203844,0.115391,0.128002,-0.049762,0.990525,-0.196171,0.977738,0.074470,0.010743,-1.840427,2.384002
0.451531,0.646834,-0.614593,-0.880683,0.433665,-0.190609,0.143235,0.627328,0.765470,-0.003473,-0.648788,1.778276
0.961955,-0.140952,0.234041,0.158650,0.985600,-0.058506,-0.222424,0.093411,0.970465,-0.012087,-1.838550,2.381883
0.823739,-0.356981,0.440475,0.385259,0.922411,0.027085,-0.415968,0.147386,0.897356,-0.010839,-1.841306,2.384546
-0.846536,-0.411316,0.337929,0.358719,0.028264,0.933018,-0.393316,0.911055,0.123621,0.009207,-1.843216,2.385974
-0.992481,0.025770,-0.119657,-0.121233,-0.072292,0.989988,0.016862,0.997051,0.074873,0.011128,-1.837778,2.382383
-0.629110,-0.574238,0.523900,0.545956,0.153334,0.823663,-0.553310,0.804201,0.217044,0.006564,-1.845077,2.387616
-0.343584,-0.674796,0.653147,0.669349,0.311875,0.674319,-0.658728,0.668868,0.344518,0.002288,-1.846546,2.388393
-0.414239,0.618749,-0.667500,-0.898081,-0.158742,0.410185,0.147841,0.769384,0.621443,0.005784,-0.651647,1.778785
-0.020823,-0.702237,0.711639,0.646714,0.533362,0.545239,-0.762448,0.471581,0.443040,-0.001892,-2.039921,2.572125
0.693863,0.536911,-0.479876,-0.546512,0.826565,0.134592,0.468913,0.168870,0.866951,-0.007144,-2.024314,2.556075
0.544756,-0.561992,0.622420,0.534322,0.804660,0.258888,-0.646329,0.191541,0.738628,-0.007969,-2.037552,2.569556
0.977228,0.187892,-0.098604,-0.187776,0.982155,0.010543,0.098825,0.008212,0.995071,-0.011469,-2.028606,2.560636
0.874395,0.379204,-0.302718,-0.381903,0.922698,0.052710,0.299305,0.069520,0.951622,-0.009533,-2.026737,2.558158
0.993249,-0.020099,0.114251,0.018840,0.999749,0.012086,-0.114465,-0.009852,0.993378,-0.012174,-2.031002,2.563191
-0.414178,0.618628,-0.667650,-0.679122,0.278346,0.679203,0.606012,0.734726,0.304840,0.007099,-2.025354,2.556572
0.451540,0.646919,-0.614497,-0.666681,0.702340,0.249511,0.592999,0.297009,0.748423,-0.003467,-2.023836,2.554992
-0.853551,0.323088,-0.408735,-0.407012,0.076260,0.910234,0.325255,0.943291,0.066409,0.010356,-2.028847,2.560936
0.766981,-0.412543,0.491475,0.396750,0.906866,0.142065,-0.504311,0.086032,0.859226,-0.010114,-2.035955,2.568097
