-1.000000,0.000000,0.000053,-0.000053,-0.047109,-0.998890,0.000002,-0.998890,0.047109,10.001000,-449.556950,-101.156420
-1.000000,0.000000,0.000018,-0.000018,-0.140903,-0.990023,0.000002,-0.990023,0.140903,10.001000,-446.010463,-63.638507
0.222513,0.000000,-0.974930,0.947993,-0.233442,0.216365,-0.227590,-0.972371,-0.051944,-81.035960,-438.948968,-140.777592
0.222518,0.000000,-0.974928,0.678468,-0.718124,0.154854,-0.700119,-0.695916,-0.159796,-270.047549,-328.366119,-183.918254
-0.074734,-0.000000,-0.997204,0.693969,-0.718124,-0.052008,-0.716116,-0.695915,0.053668,-276.446308,-328.366119,-98.532742
-0.365345,-0.000000,-0.930872,0.647808,-0.718124,-0.254249,-0.668482,-0.695915,0.262363,-257.392967,-328.366119,-15.054601
-0.623494,-0.000000,-0.781828,0.544086,-0.718125,-0.433898,-0.561450,-0.695914,0.447746,-214.580499,-328.366119,59.098769
-0.826241,-0.000000,-0.563316,0.392019,-0.718125,-0.574993,-0.404532,-0.695914,0.593345,-151.812979,-328.366119,117.338517
-0.955574,-0.000000,-0.294751,0.205121,-0.718126,-0.664997,-0.211668,-0.695913,0.686222,-74.667577,-328.366119,154.489784
-1.000000,0.000000,0.000003,-0.000002,-0.780430,-0.625243,0.000002,-0.625243,0.780430,10.001000,-300.098063,192.173163
-0.962917,0.000000,0.269799,-0.168690,-0.780430,-0.602057,0.210559,-0.625243,0.751489,94.224042,-300.098063,180.596972
-0.854419,0.000000,0.519585,-0.324867,-0.780431,-0.534219,0.405500,-0.625243,0.666815,172.200645,-300.098063,146.726953
-0.682553,0.000000,0.730836,-0.456950,-0.780431,-0.426761,0.570367,-0.625242,0.532685,238.147643,-300.098063,93.075091
-0.623502,-0.000000,-0.781822,0.760220,-0.233444,-0.606274,-0.182512,-0.972370,0.145553,-63.004974,-438.948968,-61.778679
-0.460066,0.000000,0.887885,-0.555143,-0.780431,-0.287653,0.692932,-0.625243,0.359050,287.174049,-300.098063,23.620498
-0.203458,0.000000,0.979084,-0.612165,-0.780430,-0.127211,0.764107,-0.625243,0.158785,315.643797,-300.098063,-56.485696
0.068239,0.000000,0.997669,-0.623786,-0.780430,0.042666,0.778611,-0.625243,-0.053256,321.445417,-300.098063,-141.302382
0.334876,0.000000,0.942262,-0.589143,-0.780430,0.209379,0.735370,-0.625243,-0.261347,304.148630,-300.098063,-224.539093
0.576677,0.000000,0.816972,-0.510807,-0.780429,0.360564,0.637589,-0.625244,-0.450055,265.036258,-300.098063,-300.022543
0.775708,0.000000,0.631091,-0.394586,-0.780429,0.485007,0.492522,-0.625244,-0.605385,207.009088,-300.098063,-362.154471
0.917210,0.000000,0.398405,-0.249101,-0.780429,0.573481,0.310927,-0.625245,-0.715817,134.370730,-300.098063,-406.326836
0.990685,0.000000,0.136170,-0.085140,-0.780428,0.619421,0.106271,-0.625245,-0.773159,52.508437,-300.098063,-429.263574
0.990686,0.000000,-0.136164,0.085136,-0.780428,0.619422,-0.106266,-0.625246,-0.773159,-32.506437,-300.098063,-429.263574
0.917212,0.000000,-0.398400,0.249098,-0.780428,0.573483,-0.310922,-0.625246,-0.715818,-114.368730,-300.098063,-406.326836
-1.000000,0.000000,0.000008,-0.000007,-0.323919,-0.946085,0.000002,-0.946085,0.323919,10.001000,-428.435144,9.567967
0.775712,0.000000,-0.631088,0.394585,-0.780428,0.485010,-0.492518,-0.625246,-0.605387,-187.007088,-300.098063,-362.154471
0.576680,0.000000,-0.816970,0.510807,-0.780428,0.360567,-0.637586,-0.625246,-0.450057,-245.034258,-300.098063,-300.022543
0.334878,0.000000,-0.942262,0.589145,-0.780428,0.209381,-0.735367,-0.625246,-0.261348,-284.146630,-300.098063,-224.539093
0.068239,0.000000,-0.997669,0.623788,-0.780428,0.042666,-0.778609,-0.625245,-0.053256,-301.443417,-300.098063,-141.302382
-0.203460,-0.000000,-0.979083,0.612167,-0.780428,-0.127212,-0.764104,-0.625245,0.158786,-295.641797,-300.098063,-56.485696
-0.460069,-0.000000,-0.887883,0.555144,-0.780429,-0.287656,-0.692930,-0.625245,0.359051,-267.172049,-300.098063,23.620498
-0.682556,-0.000000,-0.730833,0.456949,-0.780429,-0.426764,-0.570363,-0.625244,0.532687,-218.145643,-300.098063,93.075091
-0.854422,-0.000000,-0.519580,0.324864,-0.780430,-0.534222,-0.405496,-0.625244,0.666816,-152.198645,-300.098063,146.726953
-0.962918,-0.000000,-0.269793,0.168686,-0.780430,-0.602058,-0.210554,-0.625243,0.751490,-74.222042,-300.098063,180.596972
-1.000000,0.000000,0.000003,-0.000002,-0.835807,-0.549023,0.000002,-0.549023,0.835807,10.001000,-269.610128,214.323944
-0.809016,0.000000,0.587787,-0.556096,-0.323920,-0.765398,0.190396,-0.946085,0.262056,86.158552,-428.435144,-15.177122
-0.968583,0.000000,0.248692,-0.136538,-0.835807,-0.531774,0.207859,-0.549023,0.809548,93.143735,-269.610128,203.820574
-0.876306,0.000000,0.481755,-0.264494,-0.835807,-0.481112,0.402654,-0.549023,0.732423,171.062307,-269.610128,172.970429
-0.728969,0.000000,0.684547,-0.375832,-0.835807,-0.400220,0.572150,-0.549023,0.609277,238.860804,-269.610128,123.711938
-0.535828,0.000000,0.844327,-0.463555,-0.835807,-0.294182,0.705695,-0.549023,0.447849,292.279198,-269.610128,59.140192
-0.309019,0.000000,0.951056,-0.522152,-0.835807,-0.169658,0.794899,-0.549023,0.258280,327.961015,-269.610128,-16.687529
-0.062793,0.000000,0.998027,-0.547940,-0.835807,-0.034475,0.834158,-0.549023,0.052483,343.664234,-269.610128,-99.006689
0.187378,0.000000,0.982288,-0.539299,-0.835807,0.102875,0.821003,-0.549024,-0.156612,338.402166,-269.610128,-182.644873
0.425776,0.000000,0.904829,-0.496773,-0.835807,0.233761,0.756262,-0.549024,-0.355866,312.505444,-269.610128,-262.346786
0.637421,0.000000,0.770516,-0.423032,-0.835806,0.349960,0.644002,-0.549024,-0.532760,267.601256,-269.610128,-333.104465
0.809015,0.000000,0.587789,-0.322711,-0.835806,0.444169,0.491277,-0.549025,-0.676179,206.511096,-269.610128,-390.471943
-0.309022,0.000000,0.951055,-0.899779,-0.323919,-0.292361,0.308065,-0.946085,0.100098,133.226508,-428.435144,-79.960605
0.929775,0.000000,0.368128,-0.202112,-0.835806,0.510470,0.307684,-0.549025,-0.777111,133.073484,-269.610128,-430.844612
0.992114,0.000000,0.125337,-0.068813,-0.835806,0.544696,0.104757,-0.549026,-0.829215,51.902776,-269.610128,-451.685708
0.992115,0.000000,-0.125331,0.068810,-0.835805,0.544697,-0.104752,-0.549026,-0.829215,-31.900776,-269.610128,-451.685708
0.929777,0.000000,-0.368123,0.202109,-0.835805,0.510472,-0.307679,-0.549026,-0.777113,-113.071484,-269.610128,-430.844612
0.809017,0.000000,-0.587785,0.322709,-0.835805,0.444172,-0.491273,-0.549026,-0.676181,-186.509096,-269.610128,-390.471943
0.637424,0.000000,-0.770513,0.423032,-0.835805,0.349962,-0.643999,-0.549026,-0.532762,-247.599256,-269.610128,-333.104465
0.425778,0.000000,-0.904828,0.496774,-0.835805,0.233763,-0.756260,-0.549026,-0.355867,-292.503444,-269.610128,-262.346786
0.187379,0.000000,-0.982288,0.539301,-0.835805,0.102876,-0.821001,-0.549026,-0.156612,-318.400166,-269.610128,-182.644873
-0.062794,-0.000000,-0.998027,0.547942,-0.835806,-0.034475,-0.834156,-0.549026,0.052483,-323.662234,-269.610128,-99.006689
-0.309021,-0.000000,-0.951055,0.522153,-0.835806,-0.169660,-0.794898,-0.549025,0.258281,-307.959015,-269.610128,-16.687529
0.309008,0.000000,0.951060,-0.899783,-0.323918,0.292348,0.308065,-0.946085,-0.100093,133.226508,-428.435144,-160.037395
-0.535830,-0.000000,-0.844326,0.463556,-0.835806,-0.294184,-0.705692,-0.549025,0.447850,-272.277198,-269.610128,59.140192
-0.728972,-0.000000,-0.684544,0.375831,-0.835806,-0.400223,-0.572146,-0.549025,0.609279,-218.858804,-269.610128,123.711938
-0.876309,-0.000000,-0.481750,0.264492,-0.835807,-0.481115,-0.402650,-0.549024,0.732424,-151.060307,-269.610128,172.970429
-0.968584,-0.000000,-0.248686,0.136535,-0.835807,-0.531776,-0.207854,-0.549024,0.809549,-73.141735,-269.610128,203.820574
-1.000000,0.000000,0.000003,-0.000001,-0.883765,-0.467931,0.000002,-0.467931,0.883765,10.001000,-237.172926,233.507252
-0.970941,0.000000,0.239318,-0.111984,-0.883765,-0.454333,0.211501,-0.467931,0.858084,94.600583,-237.172926,223.235002
-0.885455,0.000000,0.464724,-0.217459,-0.883765,-0.414332,0.410707,-0.467930,0.782535,174.283547,-237.172926,193.015241
-0.748511,0.000000,0.663123,-0.310295,-0.883765,-0.350251,0.586045,-0.467930,0.661508,244.419005,-237.172926,144.604229
-0.568065,0.000000,0.822983,-0.385099,-0.883765,-0.265815,0.727324,-0.467930,0.502036,300.930942,-237.172926,80.815439
-0.354606,0.000000,0.935016,-0.437522,-0.883765,-0.165931,0.826334,-0.467930,0.313389,340.535087,-237.172926,5.356044
0.809011,0.000000,0.587794,-0.556104,-0.323916,0.765393,0.190396,-0.946086,-0.262052,86.158552,-428.435144,-224.820878
-0.120539,0.000000,0.992709,-0.464519,-0.883765,-0.056404,0.877321,-0.467931,0.106528,360.929793,-237.172926,-77.388530
0.120534,0.000000,0.992709,-0.464519,-0.883765,0.056401,0.877322,-0.467931,-0.106523,360.929793,-237.172926,-162.609470
0.354601,0.000000,0.935018,-0.437524,-0.883765,0.165929,0.826336,-0.467931,-0.313384,340.535087,-237.172926,-245.354044
0.568062,0.000000,0.822986,-0.385101,-0.883765,0.265814,0.727326,-0.467932,-0.502033,300.930942,-237.172926,-320.813439
0.748508,0.000000,0.663126,-0.310298,-0.883765,0.350251,0.586047,-0.467932,-0.661505,244.419005,-237.172926,-384.602229
0.885454,0.000000,0.464727,-0.217461,-0.883764,0.414333,0.410709,-0.467932,-0.782533,174.283547,-237.172926,-433.013241
0.970941,0.000000,0.239319,-0.111985,-0.883764,0.454335,0.211502,-0.467933,-0.858083,94.600583,-237.172926,-463.233002
1.000000,0.000000,0.000003,-0.000001,-0.883764,0.467933,0.000003,-0.467933,-0.883764,10.001000,-237.172926,-473.505252
0.970942,0.000000,-0.239314,0.111983,-0.883764,0.454336,-0.211497,-0.467933,-0.858084,-74.598583,-237.172926,-463.233002
0.885457,0.000000,-0.464722,0.217459,-0.883764,0.414334,-0.410705,-0.467933,-0.782535,-154.281547,-237.172926,-433.013241
1.000000,0.000000,0.000008,-0.000007,-0.323914,0.946086,0.000002,-0.946086,-0.323914,10.001000,-428.435144,-249.565967
0.748511,0.000000,-0.663122,0.310297,-0.883764,0.350253,-0.586044,-0.467933,-0.661507,-224.417005,-237.172926,-384.602229
0.568064,0.000000,-0.822984,0.385102,-0.883764,0.265816,-0.727324,-0.467933,-0.502035,-280.928942,-237.172926,-320.813439
0.354603,0.000000,-0.935017,0.437525,-0.883764,0.165931,-0.826334,-0.467933,-0.313386,-320.533087,-237.172926,-245.354044
0.120534,0.000000,-0.992709,0.464521,-0.883764,0.056402,-0.877321,-0.467933,-0.106524,-340.927793,-237.172926,-162.609470
-0.120540,-0.000000,-0.992708,0.464521,-0.883764,-0.056405,-0.877320,-0.467933,0.106529,-340.927793,-237.172926,-77.388530
-0.354608,-0.000000,-0.935015,0.437524,-0.883764,-0.165933,-0.826333,-0.467932,0.313390,-320.533087,-237.172926,5.356044
-0.568068,-0.000000,-0.822982,0.385099,-0.883764,-0.265817,-0.727322,-0.467932,0.502038,-280.928942,-237.172926,80.815439
-0.748513,-0.000000,-0.663120,0.310295,-0.883765,-0.350253,-0.586042,-0.467932,0.661510,-224.417005,-237.172926,144.604229
-0.885458,-0.000000,-0.464720,0.217457,-0.883765,-0.414333,-0.410703,-0.467931,0.782536,-154.281547,-237.172926,193.015241
-0.970943,-0.000000,-0.239312,0.111982,-0.883765,-0.454334,-0.211496,-0.467931,0.858085,-74.598583,-237.172926,223.235002
0.809018,0.000000,-0.587784,0.556094,-0.323914,0.765401,-0.190391,-0.946087,-0.262052,-66.156552,-428.435144,-224.820878
-1.000000,0.000000,0.000003,-0.000001,-0.923879,-0.382685,0.000002,-0.382685,0.923879,10.001000,-203.074374,249.552813
-0.974927,0.000000,0.222523,-0.085156,-0.923879,-0.373090,0.205584,-0.382685,0.900715,92.234015,-203.074374,240.287377
-0.900968,0.000000,0.433885,-0.166041,-0.923879,-0.344787,0.400857,-0.382684,0.832386,170.343522,-203.074374,212.955678
-0.781831,0.000000,0.623490,-0.238600,-0.923879,-0.299195,0.576030,-0.382684,0.722318,240.412786,-203.074374,168.928242
-0.623490,0.000000,0.781831,-0.299195,-0.923879,-0.238600,0.722318,-0.382684,0.576030,298.928242,-203.074374,110.412786
-0.433885,0.000000,0.900968,-0.344787,-0.923879,-0.166041,0.832386,-0.382684,0.400857,342.955678,-203.074374,40.343522
-0.222523,0.000000,0.974927,-0.373090,-0.923879,-0.085156,0.900715,-0.382685,0.205584,370.287377,-203.074374,-37.765985
-0.000003,0.000000,1.000000,-0.382685,-0.923879,-0.000001,0.923879,-0.382685,0.000002,379.552813,-203.074374,-119.999000
0.222518,0.000000,0.974929,-0.373090,-0.923879,0.085154,0.900716,-0.382685,-0.205579,370.287377,-203.074374,-202.232015
0.433880,0.000000,0.900970,-0.344788,-0.923879,0.166040,0.832388,-0.382685,-0.400853,342.955678,-203.074374,-280.341522
0.309012,0.000000,-0.951058,0.899783,-0.323914,0.292352,-0.308061,-0.946087,-0.100093,-113.224508,-428.435144,-160.037395
0.623487,0.000000,0.781834,-0.299196,-0.923879,0.238599,0.722320,-0.382685,-0.576026,298.928242,-203.074374,-350.410786
0.781829,0.000000,0.623493,-0.238602,-0.923879,0.299195,0.576032,-0.382686,-0.722315,240.412786,-203.074374,-408.926242
0.900967,0.000000,0.433887,-0.166042,-0.923878,0.344788,0.400859,-0.382686,-0.832384,170.343522,-203.074374,-452.953678
0.974927,0.000000,0.222524,-0.085157,-0.923878,0.373091,0.205585,-0.382686,-0.900714,92.234015,-203.074374,-480.285377
1.000000,0.000000,0.000003,-0.000001,-0.923878,0.382686,0.000003,-0.382686,-0.923878,10.001000,-203.074374,-489.550813
0.974928,0.000000,-0.222519,0.085155,-0.923878,0.373092,-0.205580,-0.382687,-0.900715,-72.232015,-203.074374,-480.285377
0.900969,0.000000,-0.433883,0.166041,-0.923878,0.344789,-0.400855,-0.382687,-0.832386,-150.341522,-203.074374,-452.953678
0.781832,0.000000,-0.623489,0.238601,-0.923878,0.299197,-0.576028,-0.382687,-0.722317,-220.410786,-203.074374,-408.926242
0.623489,0.000000,-0.781832,0.299197,-0.923878,0.238601,-0.722317,-0.382687,-0.576028,-278.926242,-203.074374,-350.410786
0.433883,0.000000,-0.900969,0.344789,-0.923878,0.166041,-0.832386,-0.382687,-0.400855,-322.953678,-203.074374,-280.341522
-0.000018,0.000000,1.000000,-0.990023,-0.140903,-0.000018,0.140903,-0.990023,0.000002,66.361493,-446.010463,-119.999000
-0.309026,-0.000000,-0.951054,0.899779,-0.323915,-0.292365,-0.308061,-0.946086,0.100098,-113.224508,-428.435144,-79.960605
0.222519,0.000000,-0.974928,0.373092,-0.923878,0.085155,-0.900715,-0.382687,-0.205580,-350.285377,-203.074374,-202.232015
-0.000003,-0.000000,-1.000000,0.382686,-0.923878,-0.000001,-0.923878,-0.382686,0.000003,-359.550813,-203.074374,-119.999000
-0.222524,-0.000000,-0.974927,0.373091,-0.923878,-0.085157,-0.900714,-0.382686,0.205585,-350.285377,-203.074374,-37.765985
-0.433887,-0.000000,-0.900967,0.344788,-0.923878,-0.166042,-0.832384,-0.382686,0.400859,-322.953678,-203.074374,40.343522
-0.623493,-0.000000,-0.781829,0.299195,-0.923879,-0.238602,-0.722315,-0.382686,0.576032,-278.926242,-203.074374,110.412786
-0.781834,-0.000000,-0.623487,0.238599,-0.923879,-0.299196,-0.576026,-0.382685,0.722320,-220.410786,-203.074374,168.928242
-0.900970,-0.000000,-0.433880,0.166040,-0.923879,-0.344788,-0.400853,-0.382685,0.832388,-150.341522,-203.074374,212.955678
-0.974929,-0.000000,-0.222518,0.085154,-0.923879,-0.373090,-0.205579,-0.382685,0.900716,-72.232015,-203.074374,240.287377
-1.000000,0.000000,0.000003,-0.000001,-0.955793,-0.294042,0.000002,-0.294042,0.955793,10.001000,-167.617131,262.318206
-0.974927,0.000000,0.222523,-0.065431,-0.955793,-0.286669,0.212686,-0.294042,0.931828,95.074582,-167.617131,252.732715
-0.809023,-0.000000,-0.587777,0.556087,-0.323917,-0.765405,-0.190391,-0.946085,0.262057,-66.156552,-428.435144,-15.177122
-0.900968,0.000000,0.433885,-0.127580,-0.955793,-0.264922,0.414704,-0.294042,0.861139,175.882219,-167.617131,224.456900
-0.781831,0.000000,0.623490,-0.183332,-0.955793,-0.229891,0.595927,-0.294042,0.747269,248.371879,-167.617131,178.908628
-0.623490,0.000000,0.781831,-0.229891,-0.955793,-0.183332,0.747269,-0.294042,0.595927,308.908628,-167.617131,118.371879
-0.433885,0.000000,0.900968,-0.264922,-0.955793,-0.127580,0.861139,-0.294042,0.414704,354.456900,-167.617131,45.882219
-0.222523,0.000000,0.974927,-0.286669,-0.955793,-0.065431,0.931828,-0.294042,0.212686,382.732715,-167.617131,-34.925418
-0.000003,0.000000,1.000000,-0.294042,-0.955793,-0.000001,0.955793,-0.294042,0.000002,392.318206,-167.617131,-119.999000
0.222518,0.000000,0.974929,-0.286670,-0.955792,0.065430,0.931829,-0.294042,-0.212681,382.732715,-167.617131,-205.072582
0.433881,0.000000,0.900970,-0.264923,-0.955792,0.127579,0.861141,-0.294042,-0.414700,354.456900,-167.617131,-285.880219
0.623487,0.000000,0.781834,-0.229892,-0.955792,0.183332,0.747271,-0.294042,-0.595924,308.908628,-167.617131,-358.369879
0.781829,0.000000,0.623493,-0.183333,-0.955792,0.229891,0.595929,-0.294043,-0.747266,248.371879,-167.617131,-418.906628
-1.000000,0.000000,0.000006,-0.000006,-0.411515,-0.911403,0.000002,-0.911403,0.411515,10.001000,-414.562311,44.606743
0.900967,0.000000,0.433887,-0.127581,-0.955792,0.264923,0.414706,-0.294043,-0.861138,175.882219,-167.617131,-464.454900
0.974927,0.000000,0.222524,-0.065432,-0.955792,0.286671,0.212687,-0.294043,-0.931828,95.074582,-167.617131,-492.730715
1.000000,0.000000,0.000003,-0.000001,-0.955792,0.294043,0.000003,-0.294043,-0.955792,10.001000,-167.617131,-502.316206
0.974928,0.000000,-0.222519,0.065430,-0.955792,0.286671,-0.212682,-0.294043,-0.931829,-75.072582,-167.617131,-492.730715
0.900969,0.000000,-0.433883,0.127580,-0.955792,0.264924,-0.414702,-0.294044,-0.861139,-155.880219,-167.617131,-464.454900
0.781832,0.000000,-0.623489,0.183333,-0.955792,0.229893,-0.595926,-0.294044,-0.747269,-228.369879,-167.617131,-418.906628
0.623489,0.000000,-0.781832,0.229893,-0.955792,0.183333,-0.747269,-0.294044,-0.595926,-288.906628,-167.617131,-358.369879
0.433883,0.000000,-0.900969,0.264924,-0.955792,0.127580,-0.861139,-0.294044,-0.414702,-334.454900,-167.617131,-285.880219
0.222519,0.000000,-0.974928,0.286671,-0.955792,0.065430,-0.931829,-0.294043,-0.212682,-362.730715,-167.617131,-205.072582
-0.000003,-0.000000,-1.000000,0.294043,-0.955792,-0.000001,-0.955792,-0.294043,0.000003,-372.316206,-167.617131,-119.999000
-0.866024,0.000000,0.500002,-0.455703,-0.411516,-0.789297,0.205759,-0.911402,0.356383,92.303872,-414.562311,22.553755
-0.222524,-0.000000,-0.974927,0.286671,-0.955792,-0.065432,-0.931828,-0.294043,0.212687,-362.730715,-167.617131,-34.925418
-0.433887,-0.000000,-0.900967,0.264923,-0.955792,-0.127581,-0.861138,-0.294043,0.414706,-334.454900,-167.617131,45.882219
-0.623493,-0.000000,-0.781829,0.229891,-0.955792,-0.183333,-0.747266,-0.294043,0.595929,-288.906628,-167.617131,118.371879
-0.781834,-0.000000,-0.623487,0.183332,-0.955792,-0.229892,-0.595924,-0.294042,0.747271,-228.369879,-167.617131,178.908628
-0.900970,-0.000000,-0.433881,0.127579,-0.955792,-0.264923,-0.414700,-0.294042,0.861141,-155.880219,-167.617131,224.456900
-0.974929,-0.000000,-0.222518,0.065430,-0.955792,-0.286670,-0.212681,-0.294042,0.931829,-75.072582,-167.617131,252.732715
-1.000000,0.000000,0.000003,-0.000001,-0.979222,-0.202789,0.000002,-0.202789,0.979222,10.001000,-131.115919,271.690124
-0.976620,0.000000,0.214972,-0.043594,-0.979222,-0.198048,0.210506,-0.202789,0.956328,94.202583,-131.115919,262.532650
-0.907575,0.000000,0.419890,-0.085149,-0.979222,-0.184046,0.411166,-0.202789,0.888718,174.466994,-131.115919,235.488421
-0.796093,0.000000,0.605175,-0.122723,-0.979222,-0.161439,0.592601,-0.202789,0.779552,247.041158,-131.115919,191.821996
-0.500002,0.000000,0.866024,-0.789297,-0.411516,-0.455703,0.356383,-0.911402,0.205759,152.553755,-414.562311,-37.696128
-0.647387,0.000000,0.762162,-0.154558,-0.979222,-0.131283,0.746326,-0.202789,0.633935,308.531588,-131.115919,133.575167
-0.468409,0.000000,0.883512,-0.179166,-0.979222,-0.094988,0.865154,-0.202789,0.458677,356.063059,-131.115919,63.471492
-0.267530,0.000000,0.963550,-0.195397,-0.979222,-0.054252,0.943529,-0.202789,0.261971,387.413053,-131.115919,-15.211059
-0.054141,0.000000,0.998533,-0.202492,-0.979222,-0.010979,0.977786,-0.202789,0.053016,401.115678,-131.115919,-98.793378
0.161779,0.000000,0.986827,-0.200118,-0.979222,0.032807,0.966323,-0.202789,-0.158418,396.530216,-131.115919,-183.367249
0.370135,0.000000,0.928978,-0.188387,-0.979222,0.075059,0.909676,-0.202789,-0.362445,373.871078,-131.115919,-264.978090
0.561184,0.000000,0.827691,-0.167847,-0.979222,0.113802,0.810494,-0.202790,-0.549524,334.197779,-131.115919,-339.809870
0.725993,0.000000,0.687702,-0.139459,-0.979222,0.147224,0.673413,-0.202790,-0.710909,279.365399,-131.115919,-404.363538
0.856855,0.000000,0.515557,-0.104550,-0.979222,0.173762,0.504845,-0.202790,-0.839052,211.937839,-131.115919,-455.620637
0.947652,0.000000,0.319305,-0.064752,-0.979222,0.192174,0.312670,-0.202790,-0.927962,135.067937,-131.115919,-491.184441
-0.000006,0.000000,1.000000,-0.911403,-0.411515,-0.000006,0.411515,-0.911403,0.000002,174.606743,-414.562311,-119.999000
0.994138,0.000000,0.108122,-0.021926,-0.979222,0.201601,0.105875,-0.202790,-0.973482,52.350044,-131.115919,-509.392026
0.994138,0.000000,-0.108117,0.021925,-0.979222,0.201602,-0.105870,-0.202790,-0.973482,-32.348044,-131.115919,-509.392026
0.947654,0.000000,-0.319300,0.064751,-0.979222,0.192175,-0.312666,-0.202790,-0.927964,-115.065937,-131.115919,-491.184441
0.856858,0.000000,-0.515553,0.104549,-0.979222,0.173762,-0.504841,-0.202790,-0.839054,-191.935839,-131.115919,-455.620637
0.725996,0.000000,-0.687699,0.139459,-0.979222,0.147225,-0.673410,-0.202790,-0.710911,-259.363399,-131.115919,-404.363538
0.561187,0.000000,-0.827689,0.167847,-0.979222,0.113803,-0.810492,-0.202790,-0.549526,-314.195779,-131.115919,-339.809870
0.370137,0.000000,-0.928977,0.188388,-0.979222,0.075060,-0.909675,-0.202790,-0.362446,-353.869078,-131.115919,-264.978090
0.161780,0.000000,-0.986827,0.200119,-0.979222,0.032807,-0.966323,-0.202790,-0.158418,-376.528216,-131.115919,-183.367249
-0.054142,-0.000000,-0.998533,0.202493,-0.979222,-0.010979,-0.977786,-0.202790,0.053017,-381.113678,-131.115919,-98.793378
-0.267531,-0.000000,-0.963549,0.195398,-0.979222,-0.054253,-0.943529,-0.202790,0.261973,-367.411053,-131.115919,-15.211059
0.499993,0.000000,0.866030,-0.789302,-0.411514,0.455695,0.356383,-0.911403,-0.205754,152.553755,-414.562311,-202.301872
-0.468411,-0.000000,-0.883510,0.179167,-0.979222,-0.094989,-0.865153,-0.202790,0.458679,-336.061059,-131.115919,63.471492
-0.647389,-0.000000,-0.762160,0.154558,-0.979222,-0.131284,-0.746324,-0.202790,0.633938,-288.529588,-131.115919,133.575167
-0.796095,-0.000000,-0.605171,0.122722,-0.979222,-0.161440,-0.592597,-0.202790,0.779554,-227.039158,-131.115919,191.821996
-0.907577,-0.000000,-0.419886,0.085148,-0.979222,-0.184047,-0.411162,-0.202789,0.888720,-154.464994,-131.115919,235.488421
-0.976621,-0.000000,-0.214967,0.043593,-0.979222,-0.198048,-0.210501,-0.202789,0.956329,-74.200583,-131.115919,262.532650
0.866021,0.000000,0.500007,-0.455709,-0.411513,0.789295,0.205759,-0.911404,-0.356379,92.303872,-414.562311,-262.551755
1.000000,0.000000,0.000006,-0.000006,-0.411511,0.911405,0.000002,-0.911405,-0.411511,10.001000,-414.562311,-284.604743
0.866027,0.000000,-0.499998,0.455701,-0.411511,0.789301,-0.205754,-0.911405,-0.356379,-72.301872,-414.562311,-262.551755
1.000000,0.000000,0.000018,-0.000018,-0.140898,0.990024,0.000002,-0.990024,-0.140898,10.001000,-446.010463,-176.359493
0.499998,0.000000,-0.866027,0.789301,-0.411511,0.455701,-0.356379,-0.911405,-0.205754,-132.551755,-414.562311,-202.301872
-0.000006,-0.000000,-1.000000,0.911405,-0.411511,-0.000006,-0.411511,-0.911405,0.000002,-154.604743,-414.562311,-119.999000
-0.500007,-0.000000,-0.866021,0.789295,-0.411513,-0.455709,-0.356379,-0.911404,0.205759,-132.551755,-414.562311,-37.696128
-0.866030,-0.000000,-0.499993,0.455695,-0.411514,-0.789302,-0.205754,-0.911403,0.356383,-72.301872,-414.562311,22.553755
-1.000000,0.000000,0.000005,-0.000004,-0.495459,-0.868631,0.000002,-0.868631,0.495459,10.001000,-397.453606,78.184467
-0.913544,0.000000,0.406739,-0.353306,-0.495460,-0.793533,0.201523,-0.868631,0.452625,90.609478,-397.453606,61.050606
-0.669131,0.000000,0.743145,-0.645518,-0.495460,-0.581228,0.368199,-0.868631,0.331528,157.280018,-397.453606,12.611623
-0.309020,0.000000,0.951056,-0.826116,-0.495460,-0.268424,0.471210,-0.868631,0.153107,198.484678,-397.453606,-58.756941
0.104523,0.000000,0.994522,-0.863873,-0.495459,0.090792,0.492745,-0.868631,-0.051787,207.098797,-397.453606,-140.714813
0.499994,0.000000,0.866029,-0.752260,-0.495458,0.434311,0.429081,-0.868632,-0.247726,181.632917,-397.453606,-219.090734
-0.000018,-0.000000,-1.000000,0.990024,-0.140898,-0.000018,-0.140898,-0.990024,0.000002,-46.359493,-446.010463,-119.999000
0.809013,0.000000,0.587791,-0.510574,-0.495457,0.702735,0.291225,-0.868632,-0.400831,126.490319,-397.453606,-280.332793
0.978146,0.000000,0.207918,-0.180604,-0.495456,0.849650,0.103014,-0.868633,-0.484629,51.205660,-397.453606,-313.851683
0.978148,0.000000,-0.207908,0.180596,-0.495455,0.849652,-0.103009,-0.868633,-0.484629,-31.203660,-397.453606,-313.851683
0.809018,0.000000,-0.587784,0.510569,-0.495455,0.702740,-0.291221,-0.868634,-0.400832,-106.488319,-397.453606,-280.332793
0.499998,0.000000,-0.866026,0.752260,-0.495455,0.434315,-0.429077,-0.868634,-0.247727,-161.630917,-397.453606,-219.090734
0.104524,0.000000,-0.994522,0.863875,-0.495456,0.090793,-0.492742,-0.868633,-0.051787,-187.096797,-397.453606,-140.714813
-0.309023,-0.000000,-0.951055,0.826117,-0.495456,-0.268428,-0.471206,-0.868633,0.153107,-178.482678,-397.453606,-58.756941
-0.669136,-0.000000,-0.743140,0.645515,-0.495457,-0.581233,-0.368194,-0.868632,0.331528,-137.278018,-397.453606,12.611623
-0.913548,-0.000000,-0.406731,0.353299,-0.495459,-0.793537,-0.201518,-0.868632,0.452625,-70.607478,-397.453606,61.050606
-1.000000,0.000000,0.000004,-0.000004,-0.575006,-0.818149,0.000002,-0.818149,0.575006,10.001000,-377.260887,110.003100
-1.000000,0.000000,0.000011,-0.000010,-0.233447,-0.972369,0.000002,-0.972369,0.233447,10.001000,-438.948968,-26.620855
-0.932471,0.000000,0.361244,-0.295551,-0.575006,-0.762901,0.207718,-0.818149,0.536177,93.087342,-377.260887,94.471571
-0.739009,0.000000,0.673696,-0.551184,-0.575006,-0.604619,0.387379,-0.818149,0.424935,164.952413,-377.260887,49.974603
-0.445740,0.000000,0.895162,-0.732376,-0.575006,-0.364682,0.514724,-0.818149,0.256303,215.890437,-377.260887,-17.478242
-0.092272,0.000000,0.995734,-0.814659,-0.575006,-0.075492,0.572553,-0.818149,0.053057,239.021952,-377.260887,-98.777084
0.273658,0.000000,0.961827,-0.786919,-0.575005,0.223893,0.553056,-0.818150,-0.157355,231.222918,-377.260887,-182.942063
0.602630,0.000000,0.798021,-0.652901,-0.575004,0.493042,0.458866,-0.818150,-0.346515,193.546638,-377.260887,-258.606232
0.850214,0.000000,0.526437,-0.430705,-0.575004,0.695603,0.302703,-0.818151,-0.488876,131.081503,-377.260887,-315.550727
0.982972,0.000000,0.183755,-0.150339,-0.575003,0.804220,0.105659,-0.818151,-0.565212,52.263775,-377.260887,-346.084878
0.982974,0.000000,-0.183746,0.150332,-0.575002,0.804222,-0.105654,-0.818152,-0.565212,-32.261775,-377.260887,-346.084878
0.850218,0.000000,-0.526431,0.430701,-0.575002,0.695608,-0.302699,-0.818152,-0.488877,-111.079503,-377.260887,-315.550727
-0.623491,0.000000,0.781830,-0.760228,-0.233448,-0.606264,0.182517,-0.972369,0.145553,83.006974,-438.948968,-61.778679
0.602634,0.000000,-0.798018,0.652900,-0.575002,0.493046,-0.458862,-0.818152,-0.346516,-173.544638,-377.260887,-258.606232
0.273660,0.000000,-0.961826,0.786920,-0.575002,0.223896,-0.553052,-0.818152,-0.157355,-211.220918,-377.260887,-182.942063
-0.092273,-0.000000,-0.995734,0.814661,-0.575003,-0.075493,-0.572549,-0.818152,0.053057,-219.019952,-377.260887,-98.777084
-0.445744,-0.000000,-0.895161,0.732377,-0.575003,-0.364686,-0.514720,-0.818151,0.256304,-195.888437,-377.260887,-17.478242
-0.739013,-0.000000,-0.673691,0.551181,-0.575004,-0.604624,-0.387375,-0.818150,0.424936,-144.950413,-377.260887,49.974603
-0.932474,-0.000000,-0.361236,0.295546,-0.575005,-0.762904,-0.207713,-0.818150,0.536177,-73.085342,-377.260887,94.471571
-1.000000,0.000000,0.000004,-0.000003,-0.649448,-0.760406,0.000002,-0.760406,0.649448,10.001000,-354.163387,139.780219
-0.945816,0.000000,0.324702,-0.246905,-0.649449,-0.719204,0.210877,-0.760405,0.614259,94.351175,-354.163387,125.704664
-0.789140,0.000000,0.614213,-0.467051,-0.649449,-0.600066,0.398900,-0.760405,0.512506,169.560699,-354.163387,85.003305
-0.546949,0.000000,0.837166,-0.636585,-0.649449,-0.415903,0.543696,-0.760405,0.355215,227.479454,-354.163387,22.086765
0.222508,0.000000,0.974931,-0.947993,-0.233447,0.216360,0.227594,-0.972370,-0.051944,101.037960,-438.948968,-140.777592
-0.245488,0.000000,0.969400,-0.737137,-0.649449,-0.186671,0.629575,-0.760406,0.159432,261.831044,-354.163387,-56.226972
0.082575,0.000000,0.996585,-0.757809,-0.649448,0.062791,0.647230,-0.760406,-0.053628,268.892941,-354.163387,-141.451398
0.401691,0.000000,0.915775,-0.696361,-0.649448,0.305448,0.594748,-0.760406,-0.260877,247.899880,-354.163387,-224.351124
0.677278,0.000000,0.735728,-0.559452,-0.649447,0.515007,0.477816,-0.760407,-0.439856,201.126783,-354.163387,-295.942678
0.879471,0.000000,0.475952,-0.361917,-0.649446,0.668757,0.309105,-0.760408,-0.571169,133.642242,-354.163387,-348.468004
0.986361,0.000000,0.164599,-0.125162,-0.649446,0.750037,0.106898,-0.760408,-0.640588,52.759254,-354.163387,-376.235169
0.986362,0.000000,-0.164591,0.125157,-0.649445,0.750038,-0.106893,-0.760408,-0.640588,-32.757254,-354.163387,-376.235169
0.879474,0.000000,-0.475946,0.361913,-0.649445,0.668760,-0.309101,-0.760409,-0.571170,-113.640242,-354.163387,-348.468004
0.677281,0.000000,-0.735724,0.559451,-0.649445,0.515011,-0.477812,-0.760409,-0.439857,-181.124783,-354.163387,-295.942678
0.401694,0.000000,-0.915774,0.696363,-0.649445,0.305451,-0.594745,-0.760409,-0.260878,-227.897880,-354.163387,-224.351124
0.900963,0.000000,0.433897,-0.421908,-0.233444,0.876069,0.101290,-0.972370,-0.210324,50.516259,-438.948968,-204.129802
0.082576,0.000000,-0.996585,0.757811,-0.649445,0.062791,-0.647227,-0.760408,-0.053628,-248.890941,-354.163387,-141.451398
-0.245490,-0.000000,-0.969399,0.737139,-0.649446,-0.186673,-0.629572,-0.760408,0.159432,-241.829044,-354.163387,-56.226972
-0.546953,-0.000000,-0.837164,0.636585,-0.649446,-0.415907,-0.543693,-0.760407,0.355216,-207.477454,-354.163387,22.086765
-0.789144,-0.000000,-0.614208,0.467048,-0.649447,-0.600070,-0.398896,-0.760407,0.512507,-149.558699,-354.163387,85.003305
-0.945819,-0.000000,-0.324695,0.246900,-0.649448,-0.719207,-0.210872,-0.760406,0.614260,-74.349175,-354.163387,125.704664
-1.000000,0.000000,0.000003,-0.000002,-0.718126,-0.695913,0.000002,-0.695913,0.718126,10.001000,-328.366119,167.251519
-0.955572,0.000000,0.294757,-0.205125,-0.718127,-0.664995,0.211673,-0.695913,0.686222,94.669577,-328.366119,154.489784
-0.826238,0.000000,0.563321,-0.392022,-0.718127,-0.574989,0.404536,-0.695912,0.593344,171.814979,-328.366119,117.338517
-0.623490,0.000000,0.781831,-0.544086,-0.718127,-0.433895,0.561454,-0.695912,0.447745,234.582499,-328.366119,59.098769
-0.365343,0.000000,0.930873,-0.647806,-0.718127,-0.254247,0.668485,-0.695912,0.262362,277.394967,-328.366119,-15.054601
0.900971,0.000000,-0.433879,0.421892,-0.233442,0.876078,-0.101285,-0.972371,-0.210324,-30.514259,-438.948968,-204.129802
-0.074733,0.000000,0.997204,-0.693967,-0.718126,-0.052008,0.716118,-0.695913,0.053668,296.448308,-328.366119,-98.532742
0.222517,0.000000,0.974929,-0.678466,-0.718126,0.154852,0.700122,-0.695913,-0.159795,290.049549,-328.366119,-183.918254
0.499996,0.000000,0.866028,-0.602681,-0.718125,0.347954,0.621917,-0.695914,-0.359060,258.767246,-328.366119,-263.624259
0.733049,0.000000,0.680176,-0.473344,-0.718125,0.510139,0.488452,-0.695914,-0.526420,205.380972,-328.366119,-330.568530
0.900967,0.000000,0.433888,-0.301949,-0.718124,0.626996,0.311586,-0.695915,-0.647006,134.634329,-328.366119,-378.802775
0.988830,0.000000,0.149046,-0.103723,-0.718124,0.688142,0.107034,-0.695915,-0.710103,52.813468,-328.366119,-404.041168
0.988831,0.000000,-0.149039,0.103719,-0.718124,0.688143,-0.107029,-0.695916,-0.710103,-32.811468,-328.366119,-404.041168
0.900970,0.000000,-0.433882,0.301946,-0.718123,0.626999,-0.311581,-0.695916,-0.647007,-114.632329,-328.366119,-378.802775
0.733052,0.000000,-0.680173,0.473343,-0.718123,0.510143,-0.488448,-0.695916,-0.526422,-185.378972,-328.366119,-330.568530
0.499999,0.000000,-0.866026,0.602681,-0.718123,0.347957,-0.621914,-0.695916,-0.359061,-238.765246,-328.366119,-263.624259
